11111
Sedan A, 11, 5, 15000.0, 20000.0, 5000.0
22222
SUV B, 12, 3, 18000.0, 23000.0, 5000.0
33333
Hatchback C, 13, 8, 12000.0, 18000.0, 6000.0
44444
Truck D, 14, 6, 16000.0, 21000.0, 5000.0
55555
Convertible E, 11, 4, 17000.0, 22000.0, 5000.0
66666
Coupe F, 12, 7, 19000.0, 24000.0, 5000.0
77777
Van G, 13, 2, 13000.0, 19000.0, 6000.0
88888
Luxury H, 14, 5, 20000.0, 25000.0, 5000.0
99999
Electric I, 11, 4, 17500.0, 22500.0, 5000.0
10101
Sports J, 12, 3, 18500.0, 23500.0, 5000.0
12121
Hybrid K, 13, 6, 12500.0, 18500.0, 6000.0
13131
Mini L, 14, 7, 16500.0, 21500.0, 5000.0
14141
Micro M, 11, 5, 17300.0, 22300.0, 5000.0
15151
Mid-size N, 12, 4, 19500.0, 24500.0, 5000.0
16161
Compact O, 13, 8, 13500.0, 19500.0, 6000.0
17171
Luxury P, 14, 3, 20500.0, 25500.0, 5000.0
18181
Truck Q, 11, 6, 17800.0, 22800.0, 5000.0
19191
SUV R, 12, 2, 18700.0, 23700.0, 5000.0
20202
Convertible S, 13, 5, 12700.0, 18700.0, 6000.0
21212
Hybrid T, 14, 4, 16800.0, 21800.0, 5000.0
22222
Sedan U, 11, 7, 17600.0, 22600.0, 5000.0
23232
Micro V, 12, 8, 19200.0, 24200.0, 5000.0
24242
Electric W, 13, 3, 13200.0, 19200.0, 6000.0
25252
Van X, 14, 5, 16300.0, 21300.0, 5000.0
26262
Sports Y, 11, 4, 17100.0, 22100.0, 5000.0
