Chevy Malibu
41345 0 18048.00 22774.00 12
Chrysler Pacifica
68507 1 33201.00 43547.00 12
Subaru Crosstrek
37291 7 26390.00 29025.00 12
Mazda CX-5
56797 6 17049.00 22714.00 14
Subaru Outback
11689 7 32521.00 35426.00 10
Jeep Wrangler
98437 3 27338.00 34221.00 14
Ford Explorer
71220 1 29067.00 33409.00 10
Toyota Highlander
21744 6 22936.00 27101.00 11
Honda Civic
97316 5 26267.00 32302.00 11
Honda Accord
53135 2 22107.00 23882.00 12
Hyundai Tucson
36892 3 32405.00 36961.00 12
Chevy Equinox
43532 7 30910.00 41729.00 14
Toyota Corolla
28248 1 19385.00 21914.00 15
Tesla Model 3
39764 7 21815.00 23016.00 15
Toyota Tacoma
72583 5 32225.00 36063.00 15
Jeep Grand Cherokee
22947 0 21292.00 26749.00 15
Nissan Rogue
88156 5 18456.00 20969.00 10
GMC Sierra
78666 5 25920.00 34211.00 10
Toyota Camry
52331 6 31709.00 38057.00 15
Honda CR-V
64625 4 33827.00 42395.00 10
Tesla Model Y
72329 0 20592.00 22916.00 12
Toyota RAV4
58137 1 25522.00 30246.00 12
Ram Pickup
25819 1 21712.00 23055.00 11
Chevy Silverado
24310 0 21520.00 22634.00 10
Ford F-Series
59055 3 23042.00 27962.00 14
